123456789
987654321
456123789
321654987
159753468
753159864
246813579
369258147
147258369
258147936
369147258
987123654
654789321
123789456
456789123
321987654
159258763
753468159
246579831
369147852
147369258
258963147
789456123
963258741
852147963
741258963
159684237
753219468
864753159
951357468
258369147
123456780
987654312
456123798
321654879
159753486
753159846
246813579
369258147
147258396
258147963
369147582
987123465
654789312
123789654
456789213
321987465
159258764
753468215
246579813
369147852
147369258
258963417
789456312
963258714
852147936
741258693
159684273
753219846
864753291
951357482
258369471
123456791
987654213
456123879
321654798
159753486
753159842
246813579
369258147
147258396
258147936
369147582
987123465
654789321
123789654
456789231
321987465
159258764
753468215
246579831
369147852
147369258
258963417
789456312
963258741
852147936
741258963
159684273
753219468
864753159
951357468
258369147
123456780
987654312
456123798
321654879
159753486
753159846
246813579